____________________________________________________________
Traning and Validation Parameters
____________________________________________________________
trn_params.num_iterations:                      50
trn_params.learning_rate:                      0.1
trn_params.start_a:                              0
trn_params.start_a:                              0
trn_params.num_folds:                            5
____________________________________________________________
Data samples
____________________________________________________________
92.92       179.58
81.78       166.54
77.15       156.15
79.14       149.59
87.03       169.09
92.56       184.93
92.61       183.04
75.11       146.37
84.28       171.40
94.33       194.59
96.11       192.47
92.55       195.90
75.79       149.60
79.66       164.29
95.55       196.95
83.77       173.31
91.67       187.67
85.44       175.27
83.63       162.65
78.83       166.84
78.77       152.35
92.54       190.47
75.70       146.70
94.19       182.67
76.02       156.59
77.75       158.27
81.98       163.90
89.60       176.53
84.65       164.61
79.62       157.76
91.84       170.75
85.08       168.70
84.80       168.67
92.47       195.96
90.61       182.30
92.77       186.19
81.07       168.00
75.06       155.24
89.41       181.36
89.17       174.28
77.62       139.66
92.03       183.47
96.11       196.52
94.29       179.30
87.88       178.99
75.39       147.88
91.53       186.73
93.06       183.32
86.13       173.96
84.08       168.92
94.60       188.76
87.78       178.19
87.04       173.59
91.76       183.00
78.28       152.36
92.81       181.84
93.50       184.25
81.60       168.33
80.36       154.82
94.96       186.79
79.33       161.85
96.01       189.73
88.55       184.68
96.72       192.72
82.74       172.21
88.08       178.11
87.09       175.23
90.30       182.45
81.29       166.49
83.63       172.86
91.58       188.41
79.58       148.97
87.49       175.24
83.89       163.76
76.19       141.65
88.04       178.33
92.14       183.34
96.23       195.30
77.86       149.91
83.69       168.53
85.33       176.85
83.55       162.65
78.57       154.06
93.98       178.87
86.63       175.23
77.63       149.76
88.24       175.48
82.48       156.43
89.39       180.31
90.75       191.18
91.46       184.27
90.85       181.56
76.84       154.63
86.12       171.62
95.09       191.16
86.07       166.31
93.17       175.89
87.03       184.73
96.91       193.33
93.80       183.60
84.74       170.64
85.97       167.55
96.16       190.62
89.95       184.49
76.86       145.33
93.83       182.19
80.72       170.87
91.50       178.95
95.03       188.78
96.61       192.11
80.80       159.52
92.65       181.80
94.12       184.43
88.80       178.33
87.10       176.39
86.75       177.78
88.69       173.32
79.39       148.94
86.29       167.41
83.41       165.42
76.67       157.25
75.89       147.91
77.71       152.54
86.10       168.51
80.28       166.73
96.60       191.61
76.09       151.52
76.05       153.60
85.80       163.34
86.97       173.59
82.43       157.59
75.73       145.38
77.45       152.10
94.30       190.92
83.57       163.39
81.00       158.65
83.89       167.69
79.92       155.20
77.90       155.73
96.01       195.52
96.03       201.39
91.67       187.94
76.32       150.79
87.16       166.77
82.77       165.00
94.99       187.40
78.72       162.96
80.68       164.03
91.10       177.77
85.85       173.47
84.92       159.02
90.81       185.80
81.52       158.72
88.72       182.41
79.16       163.16
81.88       166.65
79.04       151.34
82.57       157.38
88.76       180.60
89.72       182.18
76.78       152.66
85.09       173.43
92.07       174.50
95.03       189.42
84.59       166.06
91.63       168.69
81.74       158.55
83.66       167.43
86.24       173.67
82.94       166.90
92.49       188.31
86.96       175.08
83.33       164.98
79.40       160.25
86.72       175.68
96.78       192.82
95.66       189.61
75.36       153.19
87.10       167.13
92.15       192.08
87.91       175.25
86.88       166.48
81.63       161.37
94.80       189.49
80.07       158.23
94.49       191.14
79.28       156.97
78.25       149.07
78.76       153.84
92.59       181.34
84.59       167.78
76.98       144.24
95.31       200.23
88.93       173.22
79.07       159.02
90.99       186.24
96.55       183.21
89.97       175.77
77.44       159.26
78.57       152.05
83.99       162.87
84.89       171.10
80.77       159.08
92.54       185.64
90.65       178.40
93.29       184.15
77.58       150.02
89.43       172.87
82.01       155.11
92.20       175.93
86.17       169.71
91.78       186.06
75.64       150.56
80.37       162.08
91.07       177.40
82.58       165.02
87.73       171.51
96.31       187.87
85.09       181.25
79.98       164.86
86.46       169.56
83.83       164.76
85.76       165.25
78.74       166.45
89.94       171.99
89.00       173.90
83.08       167.07
91.87       179.37
80.76       155.30
77.84       149.73
89.95       177.82
93.64       183.62
90.87       180.50
86.04       170.28
89.38       178.21
75.28       150.55
92.14       179.29
77.17       159.37
94.88       188.49
82.82       169.97
82.35       170.07
76.44       157.73
79.35       158.78
84.33       166.15
91.37       192.58
80.59       161.17
85.56       170.11
80.82       165.79
88.42       179.97
85.40       171.64
93.91       190.06
85.74       177.66
87.69       175.68
80.39       154.05
80.28       158.91
86.05       175.91
75.63       164.01
81.82       162.31
78.69       152.56
91.43       186.70
86.01       162.04
82.00       162.38
76.31       154.09
86.76       174.12
75.93       155.59
89.68       179.54
77.13       151.39
76.44       157.22
92.99       181.35
90.50       184.85
78.30       151.18
84.29       171.41
86.41       168.16
89.15       180.24
92.61       177.62
84.61       156.36
84.51       166.34
86.13       175.68
76.84       161.30
88.58       173.27
93.29       183.90
83.73       170.09
76.33       144.95
93.88       184.26
86.59       177.35
88.58       176.31
89.45       173.22
86.33       174.94
81.42       169.11
82.91       164.49
75.34       148.08
78.79       153.38
77.34       154.01
79.30       146.93
79.36       164.34
79.49       158.83
82.47       165.60
94.32       191.19
95.25       189.82
95.82       188.84
91.23       178.70
96.38       190.16
84.30       179.45
88.16       184.44
95.74       186.31
87.47       173.79
96.63       195.74
81.83       154.58
90.42       176.88
91.23       184.20
86.86       168.52
93.10       190.21
89.66       177.06
81.88       161.44
77.82       158.18
91.26       177.73
75.72       147.95
77.89       156.28
94.40       185.60
75.18       151.69
79.19       154.81
88.95       167.14
85.14       170.39
85.95       173.79
78.44       154.81
80.56       165.61
89.18       171.75
78.81       154.55
79.20       167.97
90.99       174.83
85.60       179.40
80.16       163.87
79.98       157.70
75.40       138.98
87.83       179.86
89.40       174.58
81.39       159.27
85.40       171.78
80.84       161.79
94.79       191.39
91.07       188.04
79.48       155.58
87.85       174.51
93.66       191.16
94.35       185.98
82.19       169.37
80.74       170.05
87.91       180.90
75.50       148.04
91.94       183.39
81.88       163.61
85.74       165.24
78.93       149.41
83.68       158.16
77.07       161.02
96.44       195.34
85.36       176.03
88.96       182.11
90.40       177.70
88.93       178.87
75.74       151.73
81.52       159.22
82.03       154.04
88.88       179.54
89.40       179.13
90.94       188.54
90.80       171.41
91.47       184.84
82.15       165.88
89.99       176.58
88.44       170.63
90.36       169.06
77.00       152.82
76.52       152.41
78.38       157.87
80.77       152.55
84.68       160.70
77.88       169.91
85.06       164.90
96.34       192.92
95.76       198.00
80.90       165.28
96.07       196.16
84.15       163.66
89.87       178.65
76.22       143.25
89.78       184.05
85.79       179.29
76.50       155.01
95.57       189.93
79.93       162.85
81.68       164.57
93.58       192.85
79.98       156.90
92.17       181.54
86.22       182.08
75.15       143.35
90.66       183.96
83.51       158.33
85.32       169.20
84.34       168.13
84.82       169.60
91.94       180.45
79.73       164.48
85.37       173.06
85.70       168.95
90.88       169.42
79.74       155.95
78.36       159.31
90.91       171.58
88.36       173.67
86.94       169.53
91.25       186.49
82.30       160.59
95.18       194.53
93.86       184.53
91.84       186.82
88.05       174.36
77.00       149.92
95.35       191.45
90.03       184.32
96.58       193.63
84.37       172.52
95.89       193.15
89.25       180.80
75.18       151.31
88.99       181.42
89.30       186.78
80.20       158.65
77.44       151.02
88.36       171.50
96.43       192.16
85.09       172.30
89.57       189.45
91.95       190.52
76.51       148.25
89.56       172.38
84.54       167.15
93.52       186.16
82.55       164.59
88.50       168.34
96.84       197.47
86.90       171.83
93.86       190.85
80.83       156.21
91.43       176.00
77.62       149.27
96.23       195.53
85.55       177.98
96.62       197.76
86.98       180.21
79.25       162.04
86.97       169.52
79.32       165.25
86.49       174.23
93.96       186.10
77.41       154.46
82.32       161.04
83.90       173.89
87.19       173.46
83.05       163.78
79.67       160.95
88.81       177.38
84.01       175.82
95.52       188.43
91.98       178.32
78.06       162.41
83.08       166.63
86.67       175.56
93.54       187.00
83.66       171.42
76.66       155.23
91.31       180.05
88.51       177.12
82.65       167.60
88.54       173.67
87.89       179.98
95.93       185.73
75.98       147.85
95.23       194.92
80.34       155.65
81.89       163.02
90.13       184.73
80.14       158.59
91.20       188.60
87.24       172.37
90.04       181.47
86.08       172.81
84.73       164.89
96.41       190.59
84.33       172.67
78.93       150.99
79.34       157.67
92.29       170.61
94.53       185.31
94.43       177.30
91.92       192.12
94.87       183.94
92.79       193.04
87.87       171.02
79.75       158.36
96.79       194.42
95.88       186.15
82.32       161.06
89.77       188.67
96.15       189.34
93.34       183.00
95.33       194.28
78.68       157.22
85.36       171.75
86.32       173.43
93.43       191.79
87.94       175.02
89.06       177.29
79.40       162.46
84.67       175.88
93.16       183.50
86.67       172.11
86.75       173.89
91.21       181.85
77.46       153.53
80.76       159.90
89.93       164.63
85.12       168.70
79.17       168.63
78.89       157.49
78.25       147.10
78.75       160.73
95.45       196.91
80.39       162.28
92.94       178.89
92.23       193.13
96.78       180.63
75.38       157.09
85.55       167.92
95.93       196.34
80.01       153.55
77.07       154.11
94.82       181.46
79.43       161.56
93.59       191.57
92.62       189.37
87.89       178.33
85.93       164.38
89.66       180.17
87.51       171.13
88.77       172.30
94.84       192.35
91.05       185.72
88.19       179.82
87.79       176.08
77.12       158.04
87.76       174.25
75.88       147.00
93.98       200.98
84.09       165.78
93.59       185.24
88.40       175.28
87.15       171.65
93.66       188.10
75.70       146.86
85.67       182.23
82.97       158.32
89.18       178.07
79.24       160.71
84.26       165.17
79.16       158.75
90.10       179.14
88.97       173.24
96.89       189.95
